== retinanet  (MOTA / HOTA / IDF1 / relative compute per system)
seq                          NATIVE+MEDIUM@botsort            V7f+MEDIUM@botsort
uav0000086_00000_v      5.1   29.3   33.8    1.000    6.0   33.3   41.5    1.000
uav0000117_02622_v      2.9   30.9   33.5    1.000    0.1   32.5   35.9    1.000
uav0000137_00458_v     11.3   42.6   44.8    1.000   19.8   46.2   49.5    1.000
uav0000182_00000_v    -49.9   27.3   28.6    1.000  -29.1   27.8   30.0    1.000
uav0000268_05773_v    -80.9   24.2   19.5    1.000  -35.9   30.7   27.4    1.000
uav0000305_00000_v    -34.8   25.6   22.7    1.000  -25.8   24.8   21.8    1.000
uav0000339_00001_v     -3.8   38.3   39.9    1.000    2.8   39.7   41.0    1.000
== yolov8  (MOTA / HOTA / IDF1 / relative compute per system)
seq                          NATIVE+MEDIUM@botsort            V7f+MEDIUM@botsort
uav0000086_00000_v     18.5   31.7   37.4    1.000   19.0   31.7   37.9    1.000
uav0000117_02622_v     16.5   30.2   35.6    1.000   16.8   31.7   37.3    1.000
uav0000137_00458_v     24.5   47.5   53.1    1.000   29.6   48.5   54.1    1.000
uav0000182_00000_v      3.3   29.0   33.2    1.000    1.3   31.5   36.4    1.000
uav0000268_05773_v     16.5   33.5   33.1    1.000   20.2   34.8   34.9    1.000
uav0000305_00000_v      5.2   24.9   23.6    1.000    6.7   27.5   28.3    1.000
uav0000339_00001_v     31.2   46.1   51.4    1.000   27.5   45.0   48.7    1.000
== rtdetr  (MOTA / HOTA / IDF1 / relative compute per system)
seq                          NATIVE+MEDIUM@botsort            V7f+MEDIUM@botsort
uav0000086_00000_v     21.6   40.0   51.0    1.000   23.2   39.9   50.8    1.000
uav0000117_02622_v    -21.9   38.1   45.2    1.000   26.5   39.4   46.2    1.000
uav0000137_00458_v      4.7   49.6   56.3    1.000   31.6   48.1   50.1    1.000
uav0000182_00000_v    -71.2   36.3   42.1    1.000    3.5   40.3   47.3    1.000
uav0000268_05773_v    -15.0   35.6   34.2    1.000   15.8   42.8   43.7    1.000
uav0000305_00000_v    -24.9   43.8   48.7    1.000    4.8   48.6   56.3    1.000
uav0000339_00001_v    -19.1   45.6   51.5    1.000   30.1   48.5   55.4    1.000
