== yolov8  (MOTA / HOTA / IDF1 / relative compute per system)
seq                                  NATIVE+MEDIUM                    NATIVE+SCI                    V7f+MEDIUM                       V7f+SCI                    NATIVE+LOW                   NATIVE+HIGH                       V7f+LOW                      V7f+HIGH                  NATIVE+PERM1                  NATIVE+PERM2                  NATIVE+PERM3                     V7f+PERM1                     V7f+PERM2                     V7f+PERM3
uav0000086_00000_v     19.5   31.7   37.6    1.000   18.6   31.8   37.6    0.984   20.1   32.2   38.8    1.000   19.3   31.6   37.7    0.984   18.5   30.3   35.7    0.756   20.1   32.9   39.2    1.278   21.5   31.4   39.7    0.756   20.5   32.9   40.0    1.278   19.1   31.7   37.5    0.984   19.4   31.7   37.6    0.984   19.4   31.7   37.9    0.984   20.2   31.7   38.5    0.984   20.1   32.2   38.8    0.984   19.9   32.3   38.9    0.984
uav0000117_02622_v     13.7   25.9   26.7    1.000   13.0   24.8   25.3    0.856   15.5   29.2   32.6    1.000   14.8   28.8   31.7    0.975   12.4   25.0   25.7    0.756   17.1   27.9   29.2    1.278   11.9   26.0   26.7    0.756   18.7   32.7   37.9    1.278   12.1   24.8   25.5    0.856   13.3   25.1   25.8    0.856   13.4   26.0   27.6    0.856   15.1   28.5   31.9    0.975   15.0   28.3   31.4    0.975   15.6   28.1   30.5    0.975
uav0000137_00458_v     25.6   41.8   47.1    1.000   25.7   41.6   46.8    0.969   28.2   43.4   48.8    1.000   26.1   42.6   47.0    0.969   24.4   40.0   44.3    0.756   23.8   42.2   47.1    1.278   24.9   41.2   45.6    0.756   27.1   44.7   49.9    1.278   25.7   41.6   46.8    0.969   24.9   41.2   46.1    0.969   25.7   41.6   46.8    0.969   26.1   42.6   47.0    0.969   27.3   42.6   47.5    0.969   26.1   42.6   47.0    0.969
uav0000182_00000_v      5.7   23.7   24.7    1.000    6.3   24.0   24.9    0.980    3.2   28.2   33.4    1.000    5.5   30.0   37.3    1.105    5.8   23.3   22.6    0.756    8.3   28.4   32.8    1.278   -2.1   25.9   29.7    0.756    2.9   30.7   37.4    1.278    6.6   24.0   25.0    0.980    4.7   23.0   23.5    0.980    5.7   23.7   24.9    0.980    4.0   29.2   35.9    1.105    2.5   28.8   34.8    1.105    2.1   28.4   34.9    1.105
uav0000268_05773_v     16.4   29.9   28.1    1.000   16.3   29.9   28.0    0.993   20.0   32.2   32.6    1.000   20.1   32.3   32.7    0.993   16.2   31.1   30.9    0.756   18.0   31.3   32.3    1.278   19.1   31.3   31.5    0.756   22.0   29.6   29.8    1.278   16.2   29.9   28.1    0.993   16.9   29.9   28.0    0.993   16.3   29.9   28.0    0.993   20.0   32.2   32.6    0.993   20.3   32.4   32.9    0.993   19.9   32.2   32.5    0.993
uav0000305_00000_v      4.1   22.2   20.3    1.000    4.6   21.3   19.0    1.006    5.3   25.3   25.9    1.000    4.1   24.1   24.8    1.006    4.9   19.9   16.7    0.756    9.3   29.6   27.9    1.278    5.5   23.0   23.8    0.756    8.7   30.3   30.7    1.278    3.6   21.3   18.9    1.006    6.5   23.7   20.9    1.006    5.3   21.2   20.3    1.006    5.1   24.3   26.0    1.006    5.9   26.5   27.0    1.006    7.6   25.7   26.8    1.006
uav0000339_00001_v     28.2   36.2   37.6    1.000   25.2   34.7   34.8    0.756   27.0   40.5   43.8    1.000   26.3   38.4   41.5    0.756   25.2   34.7   34.8    0.756   25.2   35.3   35.1    1.278   26.3   38.4   41.5    0.756   27.7   41.3   45.5    1.278   25.2   34.7   34.8    0.756   25.2   34.7   34.8    0.756   25.2   34.7   34.8    0.756   26.3   38.4   41.5    0.756   26.3   38.4   41.5    0.756   26.3   38.4   41.5    0.756
== rtdetr  (MOTA / HOTA / IDF1 / relative compute per system)
seq                                  NATIVE+MEDIUM                    NATIVE+SCI                    V7f+MEDIUM                       V7f+SCI                    NATIVE+LOW                   NATIVE+HIGH                       V7f+LOW                      V7f+HIGH                  NATIVE+PERM1                  NATIVE+PERM2                  NATIVE+PERM3                     V7f+PERM1                     V7f+PERM2                     V7f+PERM3
uav0000086_00000_v     22.9   39.5   49.0    1.000   22.8   39.5   49.0    0.984   24.5   39.6   49.0    1.000   24.4   39.6   49.0    0.984   23.0   39.1   48.1    0.756   20.7   39.0   48.4    1.278   24.9   39.2   48.7    0.756   23.7   39.7   49.4    1.278   22.3   39.3   48.7    0.984   23.2   39.6   49.1    0.984   23.3   39.5   48.8    0.984   24.3   39.9   49.8    0.984   24.8   39.7   49.1    0.984   25.1   40.5   50.1    0.984
uav0000117_02622_v     -9.9   31.0   34.2    1.000   -9.9   31.2   34.7    1.003   23.8   34.5   39.5    1.000   24.4   33.4   37.7    0.982   -7.2   30.7   33.1    0.756   -8.0   31.1   33.9    1.278   21.8   32.9   36.8    0.756   24.5   33.7   38.2    1.278   -9.4   30.1   32.6    1.003  -10.3   30.3   33.4    1.003   -9.5   32.0   34.9    1.003   23.8   34.6   39.9    0.982   24.7   33.5   38.2    0.982   23.4   33.4   37.9    0.982
uav0000137_00458_v      9.7   42.9   48.4    1.000    9.5   42.4   47.2    1.004   31.0   45.7   49.1    1.000   31.2   46.2   49.4    0.969    4.4   40.6   45.0    0.756   11.1   42.6   49.2    1.278   29.8   45.1   47.6    0.756   34.3   46.9   51.6    1.278   11.3   42.9   48.9    1.004    8.7   42.3   47.4    1.004    9.4   42.7   48.2    1.004   30.6   45.5   49.0    0.969   30.8   45.5   48.9    0.969   30.8   45.6   48.9    0.969
uav0000182_00000_v    -47.5   33.1   37.7    1.000  -50.7   32.6   37.7    1.235    7.6   38.7   46.6    1.000    7.4   38.9   47.8    1.189  -42.7   32.5   36.4    0.756  -50.9   32.6   37.6    1.278    4.3   37.9   44.8    0.756    8.6   39.0   48.3    1.278  -47.2   32.7   38.2    1.235  -47.2   32.7   38.2    1.235  -51.0   32.7   37.6    1.235   10.3   39.5   49.1    1.189   10.1   39.4   48.8    1.189    8.6   39.1   48.1    1.189
uav0000268_05773_v    -15.3   34.8   33.9    1.000  -15.7   34.2   32.9    1.001   14.6   41.6   43.0    1.000   14.1   41.6   42.9    0.993  -14.8   29.4   27.7    0.756   -7.6   37.2   37.2    1.278    6.0   38.3   40.0    0.756   24.3   43.0   45.9    1.278  -10.7   35.0   33.5    1.001  -14.6   34.8   33.8    1.001  -14.9   34.2   33.1    1.001   13.2   41.3   42.5    0.993   14.1   41.6   42.9    0.993   14.9   41.6   43.1    0.993
uav0000305_00000_v    -22.0   41.3   48.7    1.000  -19.3   41.6   49.7    1.006    4.2   45.6   55.0    1.000    3.4   46.2   55.9    1.006  -14.0   43.2   51.1    0.756  -34.2   40.8   46.6    1.278   13.0   48.0   58.4    0.756   -7.0   44.0   51.8    1.278  -22.2   40.7   48.6    1.006  -24.1   41.6   48.8    1.006  -20.7   41.7   48.4    1.006    4.7   45.7   55.3    1.006    1.7   45.3   55.2    1.006    2.9   44.9   53.8    1.006
uav0000339_00001_v    -11.1   34.6   34.0    1.000   -8.8   34.8   34.5    0.973   28.5   43.4   48.3    1.000   30.3   43.7   49.3    0.973   -4.2   35.6   35.8    0.756  -12.2   36.3   37.1    1.278   28.0   42.4   47.6    0.756   29.1   43.9   49.5    1.278   -8.8   34.8   34.5    0.973  -10.8   34.7   34.1    0.973  -10.7   34.6   34.1    0.973   30.3   43.7   49.3    0.973   28.2   43.6   48.6    0.973   28.6   43.4   48.4    0.973
