OFFICIAL-COMPATIBLE VisDrone-MOT (class-aware, ignored regions dropped)
system           cat |  yolov8: MOTA  HOTA  IDF1   IDS     FP     FN    P    R |  rtdetr: MOTA  HOTA  IDF1   IDS     FP     FN    P    R
NATIVE+MEDIUM      7 |          10.0  28.9  29.3   336  11569  52769 62.2 26.5 |         -15.8  31.2  32.7  1286  42815  39088 43.3 45.6
NATIVE+SCI         7 |           9.7  28.6  28.8   328  10985  53563 62.4 25.4 |         -16.1  31.2  32.6  1332  43097  38976 43.3 45.7
V7f+MEDIUM         4 |          10.2  30.3  31.8   218  11642  52631 62.3 26.7 |           7.1  34.5  36.8   154  18282  48285 56.3 32.8
V7f+SCI            4 |           9.3  29.7  31.0   219  12068  52867 61.1 26.4 |           6.5  34.5  36.8   158  18926  48079 55.7 33.1
NATIVE+LOW         7 |           9.6  27.5  27.2   330   9875  54703 63.4 23.8 |         -15.5  30.1  31.0  1370  40352  41231 43.1 42.6
NATIVE+HIGH        7 |           9.6  29.7  30.2   487  13880  50584 60.5 29.6 |         -15.4  31.8  33.7  1295  44574  37014 43.9 48.5
V7f+LOW            4 |           9.4  28.6  29.7   168  10369  54551 62.5 24.1 |           4.2  33.5  35.3   145  19310  49355 53.8 31.3
V7f+HIGH           4 |          10.1  31.4  33.4   259  13913  50420 60.6 29.8 |           8.4  35.4  38.3   181  19045  46547 57.0 35.2
NATIVE+PERM1       7 |           9.5  28.5  28.7   337  11024  53629 62.3 25.3 |         -14.9  31.3  32.6  1315  42346  38903 43.7 45.8
NATIVE+PERM2       7 |           9.7  28.5  28.6   332  11135  53431 62.3 25.6 |         -15.9  31.2  32.7  1339  42973  38904 43.4 45.8
NATIVE+PERM3       7 |           9.8  28.7  29.0   324  10982  53514 62.5 25.5 |         -16.1  31.2  32.6  1289  43169  38901 43.3 45.8
V7f+PERM1          4 |           9.6  29.7  31.1   213  11729  52968 61.7 26.3 |           6.8  34.7  37.3   165  18555  48200 56.0 32.9
V7f+PERM2          4 |           9.8  30.0  31.4   233  12061  52474 61.6 26.9 |           7.2  34.7  37.2   172  18418  48101 56.3 33.0
V7f+PERM3          4 |           9.5  29.8  31.1   234  11992  52769 61.4 26.5 |           7.0  34.8  37.2   162  18457  48172 56.2 32.9
