== yolov8  (MOTA / HOTA / IDF1 / relative compute per system)
seq                           NATIVE+MEDIUM@ocsort             V7f+MEDIUM@ocsort
uav0000086_00000_v     10.4   17.2   20.7    1.000   21.9   29.1   35.7    1.000
uav0000117_02622_v      5.1   13.8    9.8    1.000   15.8   29.1   31.0    1.000
uav0000137_00458_v     19.3   33.1   31.0    1.000   28.9   45.0   48.8    1.000
uav0000182_00000_v      6.0   12.7    9.4    1.000    6.5   27.7   29.9    1.000
uav0000268_05773_v      2.7    6.2    4.8    1.000   20.3   33.3   33.1    1.000
uav0000305_00000_v      0.0    0.3    0.1    1.000    5.6   24.8   24.5    1.000
uav0000339_00001_v     15.0   23.0   20.7    1.000   27.7   42.2   43.6    1.000
== rtdetr  (MOTA / HOTA / IDF1 / relative compute per system)
seq                           NATIVE+MEDIUM@ocsort             V7f+MEDIUM@ocsort
uav0000086_00000_v     21.9   27.6   33.5    1.000   34.0   41.5   53.4    1.000
uav0000117_02622_v     22.0   30.3   32.4    1.000   24.3   35.0   38.2    1.000
uav0000137_00458_v     30.8   45.6   46.9    1.000   31.8   47.2   48.3    1.000
uav0000182_00000_v     17.3   31.8   35.9    1.000   11.1   38.4   44.1    1.000
uav0000268_05773_v     25.6   39.0   39.7    1.000   23.4   40.2   40.7    1.000
uav0000305_00000_v      9.8   21.4   18.0    1.000   15.4   46.2   56.1    1.000
uav0000339_00001_v     30.6   41.4   44.3    1.000   30.9   46.1   49.2    1.000
